8.170575469971500858e-07
2.451172640991450152e-06
2.124349622192590160e-05
5.474285564880905438e-05
1.331803801605354796e-04
2.434831490051507334e-04
3.472494574737887722e-04
5.841961461029623447e-04
9.608596752686485035e-04
1.441289512902972809e-03
2.035290349569900733e-03
2.575365388135017215e-03
3.139952153110047751e-03
3.955375585013203368e-03
4.736482599942479568e-03
5.322312861139435851e-03
6.149175098700551852e-03
6.807723481580254740e-03
7.372310246555285711e-03
8.458179726514497565e-03
9.338150704630428581e-03
1.029492509216409050e-02
1.142246450702015872e-02
1.216598687478756546e-02
1.260964912280701684e-02
1.320855230475592897e-02
1.417594844040055355e-02
1.511638167699427479e-02
1.568341961461029721e-02
1.633052919183203971e-02
1.743437393782518857e-02
1.818034747823358763e-02
1.934465448270452498e-02
1.979893847883494248e-02
2.037414699192093351e-02
2.080882160692341942e-02
2.076960284466755624e-02
1.999421523256725980e-02
1.949499307135200282e-02
1.891978455826600833e-02
1.863136324417601422e-02
1.789029204904959980e-02
1.727341360106674981e-02
1.677991084268047259e-02
1.570711428347321484e-02
1.508941877794336799e-02
1.469886527047872989e-02
1.378702904802991090e-02
1.335235443302742672e-02
1.292339922085392404e-02
1.222481501817136024e-02
1.149599968624990219e-02
1.102128925144455797e-02
1.040604491855570343e-02
1.027858394122414809e-02
9.772008262085915900e-03
9.507281616858839421e-03
9.021949433942530808e-03
8.699211702878656416e-03
8.424680367087614141e-03
8.178746045441472393e-03
7.954872277564252817e-03
7.730998509687034108e-03
7.451564828614008935e-03
7.025877846628493691e-03
6.561789159934112124e-03
6.242319659058226909e-03
6.082176379846785004e-03
5.867290244986535230e-03
5.730024577091014093e-03
5.618904750699401165e-03
5.727573404450022644e-03
5.635245901639344447e-03
5.541284283734671662e-03
5.308422882840484018e-03
5.272472350772610013e-03
5.225900070593772484e-03
5.042879180066410678e-03
4.865577692368028631e-03
4.948100504614741033e-03
4.769981959369362125e-03
4.717690276361544838e-03
4.609021622610923359e-03
4.434988365100530489e-03
4.466036551886422463e-03
4.253601589667163271e-03
4.276479200983084039e-03
4.117970036865636722e-03
4.015020785943995869e-03
3.914522707663346465e-03
3.928412685962297431e-03
3.820561089758673680e-03
3.645710774701283949e-03
3.686563652051141286e-03
3.599955552069443281e-03
3.465958114361910886e-03
3.534590948309671455e-03
3.364642978534264188e-03
3.318070698355426659e-03
3.171817397442936587e-03
3.090928700290218774e-03
2.927517190890788993e-03
2.825384997516145000e-03
2.702009307919575262e-03
2.599060056997934409e-03
2.585170078698983010e-03
2.558207179648077072e-03
2.300016994796977646e-03
2.238737678772191424e-03
2.211774779721285486e-03
2.059802075979815222e-03
2.068789708996784157e-03
2.050814442962846720e-03
1.983815724109080306e-03
1.866976494888488054e-03
1.813867754333673256e-03
1.761576071325855536e-03
1.750137265667895585e-03
1.603066907208408436e-03
1.547506994012602189e-03
1.478057102517844543e-03
1.423314246869035373e-03
1.363669045938243523e-03
1.338340261981331956e-03
1.303206787460454378e-03
1.293402096896488582e-03
1.259902737469605375e-03
1.178196982769890485e-03
1.103844745993149724e-03
1.052370120532329298e-03
1.054821293173320747e-03
9.731155384736057479e-04
1.000895495071508871e-03
9.649449630036343239e-04
9.469696969696969960e-04
8.840562658509164024e-04
8.799709781159306904e-04
8.178746045441472826e-04
8.358498705780845021e-04
8.252281224671216293e-04
7.713023243653096455e-04
7.590464611603524011e-04
8.007163960572071405e-04
7.729364394593040170e-04
7.279982743744607514e-04
6.953159724945747302e-04
7.083888932465291603e-04
7.206447564514864047e-04
6.846942243836117489e-04
6.936818574005804670e-04
6.887795121185975693e-04
7.165594687165006927e-04
6.520119225037258361e-04
5.784767432739822612e-04
6.691701309906659782e-04
6.675360158966716067e-04
6.659019008026773436e-04
6.258660809998169757e-04
6.691701309906659782e-04
5.964520093079195891e-04
6.340366564697885081e-04
6.038055272308939358e-04
5.931837791199309545e-04
5.735743979919993634e-04
5.547820744110649582e-04
5.490626715820848746e-04
5.482456140350876889e-04
5.155633121552016676e-04
5.547820744110649582e-04
5.466114989410934258e-04
5.457944413940962400e-04
5.506967866760791377e-04
5.417091536591105280e-04
5.596844196930478559e-04
5.359897508301304445e-04
5.171974272491960392e-04
5.008562763092529744e-04
4.935027583862786277e-04
5.041245064972416090e-04
5.319044630951447325e-04
5.237338876251732001e-04
4.722592621643527735e-04
5.220997725311789369e-04
5.008562763092529744e-04
5.245509451721703858e-04
4.836980678223128864e-04
5.229168300781760143e-04
4.608204565063926607e-04
5.082097942322273210e-04
4.935027583862786277e-04
4.845151253693100180e-04
4.804298376343242518e-04
4.575522263184040803e-04
4.771616074463356713e-04
4.730763197113499051e-04
4.412110753784610697e-04
4.649057442413784269e-04
4.649057442413784269e-04
4.232358093445237417e-04
4.608204565063926607e-04
4.412110753784610697e-04
4.379428451904724350e-04
4.354916725494809861e-04
4.567351687714068945e-04
4.273210970795095079e-04
4.477475357544382305e-04
4.085287734985750484e-04
4.354916725494809861e-04
4.510157659424268652e-04
4.363087300964781719e-04
4.771616074463356713e-04
4.624545716003869780e-04
4.436622480194525185e-04
4.591863414123983434e-04
4.877833555572985984e-04
4.461134206604439674e-04
4.796127800873271202e-04
4.828810102753157006e-04
4.902345281982901015e-04
4.763445498993384855e-04
5.245509451721703858e-04
5.278191753601590205e-04
5.106609668732187699e-04
4.828810102753157006e-04
5.286362329071560978e-04
5.147462546082045903e-04
4.706251470703584562e-04
4.616375140533897923e-04
4.698080895233613247e-04
4.738933772583470367e-04
4.518328234894239967e-04
4.959539310272700766e-04
5.090268517792245068e-04
5.049415640442387948e-04
5.016733338562501601e-04
4.608204565063926607e-04
4.330404999084895372e-04
4.289552121735038252e-04
4.199675791565351613e-04
3.987240829346092529e-04
4.134311187805579462e-04
3.881023348236463258e-04
4.077117159515779169e-04
4.134311187805579462e-04
4.314063848144952741e-04
4.330404999084895372e-04
3.995411404816063845e-04
4.354916725494809861e-04
4.624545716003869780e-04
4.738933772583470367e-04
4.567351687714068945e-04
4.771616074463356713e-04
4.510157659424268652e-04
4.289552121735038252e-04
4.126140612335608146e-04
4.346746150024838546e-04
3.905535074646377747e-04
3.987240829346092529e-04
3.635906084137317828e-04
3.513347452087745384e-04
3.938217376526263551e-04
3.881023348236463258e-04
3.456153423797945091e-04
3.668588386017204175e-04
3.954558527466206725e-04
3.733952989776975783e-04
3.815658744476691107e-04
3.676758961487175490e-04
3.325424216278400789e-04
3.129330404999084879e-04
3.407129970978116113e-04
2.990430622009569261e-04
3.382618244568201624e-04
3.039454074829398239e-04
3.178353857818913856e-04
3.047624650299370097e-04
2.769825084320338862e-04
3.014942348419483750e-04
3.382618244568201624e-04
3.153842131408999367e-04
3.072136376709284585e-04
2.892383716369911306e-04
2.949577744659712141e-04
2.663607603210709591e-04
2.590072423980965583e-04
2.606413574920908756e-04
2.581901848510994267e-04
2.434831490051507334e-04
2.304102282531963304e-04
2.565560697571051094e-04
2.377637461761706770e-04
2.328614008941877792e-04
2.361296310821763868e-04
2.148861348602504784e-04
2.287761131592020401e-04
2.663607603210709591e-04
2.271419980652077228e-04
2.647266452270766418e-04
2.410319763641592845e-04
2.598242999450937440e-04
2.745313357910424373e-04
2.827019112610139155e-04
2.916895442779825795e-04
2.851530839020053644e-04
2.712631056030538569e-04
2.810677961670196524e-04
2.622754725860851929e-04
2.998601197479541119e-04
2.884213140899939990e-04
3.023112923889455608e-04
2.925066018249797110e-04
2.745313357910424373e-04
2.524707820221193974e-04
2.892383716369911306e-04
2.949577744659712141e-04
2.908724867309854479e-04
2.590072423980965583e-04
2.712631056030538569e-04
2.622754725860851929e-04
2.622754725860851929e-04
2.982260046539597946e-04
2.892383716369911306e-04
2.818848537140167840e-04
3.112989254059141705e-04
3.006771772949512435e-04
3.341765367218343962e-04
3.439812272858001918e-04
3.260059612518629180e-04
3.153842131408999367e-04
2.908724867309854479e-04
3.047624650299370097e-04
2.573731273041022951e-04
2.532878395691165289e-04
2.393978612701649672e-04
2.475684367401364996e-04
2.173373075012419273e-04
2.304102282531963304e-04
2.206055376892305348e-04
1.773014876983815594e-04
2.181543650482390859e-04
2.083496744842732633e-04
2.116179046722618709e-04
2.058985018432818144e-04
2.263249405182105913e-04
2.287761131592020401e-04
2.361296310821763868e-04
2.304102282531963304e-04
2.189714225952362175e-04
2.410319763641592845e-04
2.426660914581535748e-04
2.353125735351792281e-04
2.385808037231678357e-04
2.165202499542447686e-04
2.385808037231678357e-04
2.410319763641592845e-04
2.426660914581535748e-04
2.434831490051507334e-04
1.928255810913274114e-04
2.124349622192590295e-04
2.157031924072476371e-04
2.083496744842732633e-04
2.124349622192590295e-04
2.042643867492875242e-04
2.124349622192590295e-04
1.871061782623473820e-04
1.871061782623473820e-04
1.789356027923758767e-04
1.625944518524328661e-04
1.944596961853217287e-04
1.789356027923758767e-04
1.952767537323188874e-04
1.576921065704499684e-04
1.952767537323188874e-04
1.487044735534813315e-04
1.732161999633958203e-04
1.707650273224043714e-04
1.650456244934243150e-04
1.634115093994300248e-04
1.674967971344157639e-04
1.536068188354642293e-04
1.446191858184955653e-04
1.225586320495725254e-04
1.209245169555782216e-04
1.004980782806494583e-04
8.824221507569221393e-05
1.013151358276466170e-04
8.905927262268935904e-05
6.944989149475775444e-05
7.435223677674066575e-05
7.925458205872356352e-05
6.863283394776060933e-05
7.516929432373781086e-05
8.415692734070646128e-05
8.088869715271785373e-05
7.843752451172640485e-05
8.579104243470076505e-05
8.415692734070646128e-05
8.007163960572070863e-05
8.987633016968651770e-05
9.396161790467225680e-05
7.598635187073495597e-05
9.151044526368080792e-05
9.314456035767511169e-05
6.944989149475775444e-05
9.477867545166941546e-05
7.190106413574920332e-05
7.190106413574920332e-05
4.984051036682615661e-05
7.435223677674066575e-05
5.474285564880905438e-05
4.085287734985750620e-05
4.330404999084895508e-05
3.268230187988600089e-05
3.676758961487175355e-05
2.369466886291735387e-05
2.287761131592020198e-05
2.042643867492875310e-05
1.715820848694015233e-05
1.225586320495725118e-05
1.388997829895155157e-05
1.552409339294585195e-05
1.143880565796010099e-05
1.062174811096295080e-05
8.170575469971500223e-06
7.353517922974350879e-06
8.987633016968650415e-06
1.470703584594870176e-05
6.536460375977200687e-06
4.902345281982900303e-06
6.536460375977200687e-06
8.170575469971500223e-06
3.268230187988600343e-06
3.268230187988600343e-06
6.536460375977200687e-06
3.268230187988600343e-06
3.268230187988600343e-06
3.268230187988600343e-06
3.268230187988600343e-06
3.268230187988600343e-06
0.000000000000000000e+00
0.000000000000000000e+00
8.170575469971500858e-07
8.170575469971500858e-07
8.170575469971500858e-07
8.170575469971500858e-07
0.000000000000000000e+00
8.170575469971500858e-07
1.634115093994300172e-06
8.170575469971500858e-07
