185 257 346 117
191 260 347 159
208 275 352 194
222 279 356 210
223 277 359 220
236 285 363 219
242 290 369 204
237 285 366 197
237 282 365 197
234 282 364 196
235 283 364 197
236 283 363 199
232 281 361 201
232 282 363 197
234 281 364 195
234 282 364 193
233 282 363 192
238 282 365 197
238 282 364 200
237 281 363 198
235 281 362 202
230 276 360 193
232 278 361 195
234 281 363 199
237 285 364 202
238 284 363 211
211 268 350 248
198 263 346 308
193 267 346 356
194 264 346 324
195 269 346 324
200 277 349 261
207 282 353 149
205 283 352 188
207 283 353 151
206 281 355 135
204 280 355 129
203 279 354 127
204 280 354 132
203 279 353 128
202 280 354 127
202 280 355 126
203 281 353 128
202 280 352 127
203 280 353 126
203 280 353 126
205 281 353 133
207 281 353 149
212 283 357 182
220 287 360 210
230 291 363 221
232 291 364 219
222 279 357 211
215 270 353 202
210 268 351 197
209 269 350 201
207 268 348 205
206 267 349 205
206 267 352 203
213 272 353 200
218 273 355 205
221 276 357 215
223 278 358 220
230 285 363 227
224 282 360 239
217 281 358 221
222 283 359 215
223 285 360 210
226 286 361 210
228 285 361 210
227 286 361 208
227 286 361 211
229 285 362 206
229 286 362 205
228 287 361 206
227 284 361 205
229 285 362 206
230 285 362 208
229 284 362 209
227 285 361 209
231 288 361 206
227 286 361 208
226 285 361 210
226 285 361 212
223 285 359 213
217 282 358 216
217 282 358 214
220 282 359 211
223 285 361 212
226 286 363 209
238 292 369 213
268 315 385 228
253 324 379 241
248 332 378 239
243 326 376 235
239 317 372 233
226 284 358 216
221 281 358 207
222 283 359 206
222 282 359 206
211 260 346 159
209 260 347 163
215 267 349 181
209 261 347 183
187 247 336 164
181 244 333 182
179 245 333 194
181 245 333 200
183 248 334 204
194 255 340 207
193 254 340 207
194 257 341 209
194 257 341 214
193 257 341 213
195 257 342 214
205 265 347 229
221 275 352 228
222 277 350 226
228 283 352 217
232 286 357 211
233 288 359 207
234 287 360 206
231 283 360 198
230 281 358 199
229 283 356 205
229 283 356 209
229 284 357 206
224 277 354 196
220 278 356 195
214 273 352 226
212 277 353 241
207 282 350 253
203 274 347 228
226 282 357 221
239 292 361 228
242 284 361 188
241 288 363 176
248 289 366 188
253 294 368 203
268 300 369 221
264 296 368 230
263 293 367 234
272 296 369 224
270 295 369 223
272 299 372 225
273 301 372 224
270 295 368 220
266 292 368 220
265 294 370 221
266 295 369 220
265 295 369 219
258 291 364 210
250 286 361 201
239 278 357 193
228 274 355 198
223 275 354 188
223 274 356 181
224 275 356 184
227 279 356 192
218 271 350 216
218 275 354 222
220 275 354 231
221 277 356 225
219 278 356 210
209 265 350 191
209 265 350 209
213 272 349 255
217 273 353 256
230 280 359 241
238 285 363 240
249 287 366 232
251 287 362 220
254 289 365 211
261 293 369 218
267 297 369 219
263 293 369 222
261 291 366 223
260 293 366 221
262 292 367 215
262 294 366 211
257 292 368 210
262 295 368 218
269 296 371 227
271 300 373 231
276 303 374 228
264 295 368 216
247 285 363 203
247 288 364 199
246 287 365 197
248 291 367 203
253 291 367 203
248 287 364 217
243 283 362 224
253 288 364 224
259 289 365 218
259 293 367 217
242 279 358 228
224 274 352 205
202 255 344 162
195 246 340 140
197 250 342 141
207 255 343 149
208 257 343 148
206 254 342 144
204 253 343 148
199 253 342 144
200 253 342 143
199 250 340 146
215 268 349 235
211 265 345 245
222 273 352 254
273 302 370 267
308 320 383 271
313 323 386 266
313 321 386 267
304 319 385 246
292 312 379 237
284 304 375 236
282 300 375 236
287 305 377 241
292 307 378 245
298 310 381 254
303 314 384 260
318 327 391 269
324 331 393 271
325 331 394 272
326 331 394 273
324 331 394 269
306 320 387 260
285 305 379 260
283 303 377 263
303 320 384 261
300 316 383 249
288 306 379 244
292 310 380 250
292 311 381 241
293 314 383 242
298 317 384 245
295 313 383 243
293 311 380 243
294 312 380 247
294 311 382 245
296 314 385 243
291 316 382 243
277 307 374 241
259 293 366 249
265 300 369 250
254 291 370 241
262 302 375 236
263 302 373 233
257 296 367 228
224 275 356 215
235 288 359 237
241 291 360 249
239 294 360 254
239 293 359 264
218 267 352 224
222 269 355 215
231 275 358 215
243 283 361 219
286 307 375 244
288 307 379 240
290 308 379 244
297 315 382 251
293 307 381 247
288 306 379 244
287 305 379 243
288 305 377 246
298 312 380 252
296 311 380 253
302 315 383 260
307 318 385 261
304 316 384 257
302 315 385 258
300 314 382 253
300 315 382 257
300 311 381 256
290 306 379 249
291 310 379 249
290 307 378 245
289 309 378 246
301 316 382 255
298 315 381 252
290 306 378 243
288 309 380 246
275 301 372 241
272 301 371 255
245 285 360 253
235 279 357 249
221 274 352 238
220 272 351 231
226 272 353 221
226 274 355 217
206 270 354 196
229 282 360 245
226 278 358 257
263 302 375 251
284 312 381 240
293 318 384 245
293 316 384 251
